100
6
8
4
121
5
110
121
108
108
110
121
9
3
103
108
119
114
114
1
0
110
110
121
7
101
114
117
1
114
114
115
114
116
114
107
110
116
115
114
121
101
101
119
101
101
101
97
101
9
114
108
115
9
1
97
101
115
114
109
115
115
3
121
6
111
97
101
101
109
114
121
114
101
114
114
114
114
101
114
114
110
1
110
119
2
114
101
115
110
97
107
100
100
119
103
116
104
121
121
111
121
120
110
117
121
114
110
101
114
120
97
110
115
101
121
107
101
114
116
110
3
121
121
97
115
115
104
121
114
114
110
121
121
97
115
115
110
107
107
110
101
97
105
116
101
97
113
101
111
104
121
103
120
101
115
114
1
100
121
115
114
116
107
101
121
115
98
97
114
114
115
114
116
114
115
110
110
114
110
97
111
115
110
114
101
111
115
102
114
115
121
100
115
110
121
101
121
121
110
114
110
116
101
103
0
104
114
1
108
120
120
8
102
111
114
109
108
114
120
114
97
7
114
108
100
114
108
110
100
103
107
117
110
121
115
101
110
115
110
110
115
115
101
107
110
103
101
114
114
97
102
110
116
121
110
115
111
114
114
110
101
110
101
101
101
115
97
110
97
110
101
115
115
107
121
114
97
3
97
115
110
100
114
114
114
101
103
101
121
108
9
114
116
115
0
2
100
102
114
97
100
121
103
115
105
114
120
7
97
110
114
97
8
115
100
99
114
101
115
100
116
114
115
115
104
105
99
121
115
119
114
4
121
115
115
107
2
2
97
114
110
103
7
114
110
111
7
110
120
111
101
114
114
115
114
114
111
101
2
114
101
111
110
121
121
116
3
114
110
115
114
114
115
115
115
3
122
101
97
110
101
100
2
101
114
108
114
101
115
5
114
110
102
110
114
108
2
121
4
114
121
101
97
100
115
107
109
101
107
116
121
108
110
109
101
111
108
107
107
2
114
121
116
100
119
116
101
114
116
116
9
110
114
3
1
121
97
1
101
101
101
1
121
116
101
115
121
114
110
9
110
101
116
110
116
110
115
116
110
3
114
114
101
110
114
110
102
116
107
103
101
100
110
97
116
110
114
103
115
121
0
115
115
115
110
105
109
1
103
121
121
108
3
97
110
115
99
121
111
121
110
101
110
121
110
97
101
120
121
101
110
108
3
108
114
111
115
121
100
110
99
115
121
101
8
97
114
101
115
100
103
101
101
114
100
107
104
115
110
116
3
104
121
101
101
114
121
108
114
114
97
99
97
114
121
97
111
101
1
121
114
121
115
121
102
115
105
121
101
110
115
114
5
115
115
107
97
115
97
97
110
121
115
97
116
121
6
121
1
104
101
1
101
114
4
115
121
104
101
115
100
101
110
97
111
114
100
100
101
101
114
120
114
114
100
103
0
101
100
1
116
1
101
108
121
114
97
114
101
101
112
121
116
111
108
97
101
110
110
99
101
114
97
103
0
121
101
97
110
114
108
101
115
5
101
112
102
108
108
121
120
121
101
110
121
121
115
101
115
121
108
115
109
101
105
121
110
114
115
121
101
115
101
97
101
110
97
7
101
121
105
114
109
114
114
121
105
115
101
108
112
115
116
97
121
115
115
110
104
110
121
116
109
1
104
115
101
121
121
110
110
110
110
110
108
100
109
110
97
121
1
101
97
101
121
115
121
121
110
115
112
114
110
97
100
4
103
110
110
114
116
115
100
116
101
115
115
116
109
121
111
9
114
101
108
110
115
110
121
98
100
111
100
116
99
115
101
115
101
121
110
101
103
101
1
115
100
121
114
97
101
115
121
110
97
103
2
97
8
103
1
101
97
108
116
97
99
121
97
115
100
116
114
101
115
1
101
116
108
4
116
114
99
115
111
100
110
121
121
114
121
101
7
99
108
114
110
115
101
101
108
111
115
110
99
114
101
101
100
103
108
100
110
100
97
115
101
115
101
101
103
108
110
121
121
114
105
107
101
98
116
1
114
114
114
121
116
110
97
114
109
101
110
100
113
101
121
110
121
114
101
116
116
110
101
116
4
115
107
116
101
100
100
110
97
109
101
121
100
110
1
115
114
9
121
114
101
115
120
110
115
121
6
97
115
115
110
103
99
110
97
100
120
116
101
103
115
101
101
5
114
114
99
107
101
110
97
101
111
115
121
116
115
114
115
115
110
101
115
116
1
121
110
121
97
115
114
97
101
103
116
101
115
2
101
1
114
3
110
1
114
101
100
121
115
110
101
100
97
97
101
114
101
121
101
105
1
103
108
115
115
1
101
119
115
98
101
1
101
111
115
110
101
114
101
114
110
101
103
103
116
101
97
114
110
110
121
112
107
1
103
114
97
3
101
111
108
1
109
97
114
101
121
2
116
101
101
115
103
114
109
110
121
100
3
101
115
101
121
112
97
115
114
101
111
109
117
100
119
108
121
116
115
114
104
114
101
110
116
116
104
101
115
121
101
121
110
111
104
115
114
114
97
101
121
104
100
101
109
97
110
111
122
100
1
121
2
121
101
97
4
112
121
115
116
107
4
121
111
121
1
103
104
101
100
110
101
101
1
121
108
97
110
121
97
110
101
97
4
105
97
104
121
100
110
116
107
100
4
110
114
107
121
101
101
121
100
0
99
101
114
116
1
121
115
110
101
107
116
117
110
101
120
97
116
114
102
116
115
114
2
108
110
115
110
101
101
97
100
97
115
105
115
114
101
114
114
111
100
101
115
115
110
114
101
114
103
108
97
110
116
100
97
101
110
114
110
121
115
121
110
114
108
115
101
116
4
102
115
97
101
121
1
101
114
111
110
110
101
110
0
115
8
116
114
101
116
109
117
106
114
3
121
103
115
110
114
1
101
121
110
103
115
114
121
1
121
105
9
115
114
121
101
1
97
116
97
121
105
103
114
100
108
2
97
108
97
7
110
101
100
110
101
114
110
116
114
101
121
110
107
1
112
115
101
121
114
100
104
121
107
103
101
115
115
116
111
101
110
114
110
121
121
115
116
104
116
121
110
104
110
115
109
101
110
101
100
114
105
121
121
101
115
121
121
100
116
98
116
101
121
115
103
101
1
101
6
0
114
116
110
121
114
2
101
114
101
97
115
107
101
101
121
103
99
108
5
103
104
114
114
101
1
101
111
115
100
107
103
110
101
101
118
107
115
110
115
110
104
108
0
115
114
97
101
115
1
114
100
110
114
103
115
101
108
101
114
110
104
9
97
1
101
101
115
110
0
114
110
110
108
2
111
121
108
114
103
1
121
103
115
103
121
115
102
121
101
101
111
5
100
110
114
101
101
103
115
114
97
121
115
103
103
110
115
109
101
3
122
114
97
103
2
111
121
116
101
107
110
110
110
108
110
112
110
101
97
114
114
111
108
110
115
114
121
97
101
97
114
116
101
121
115
115
121
114
121
115
1
110
110
121
1
101
110
112
121
114
101
107
101
116
110
115
114
114
109
111
112
115
97
116
115
121
121
9
97
110
107
114
5
110
104
101
100
100
103
121
121
103
103
103
116
111
121
97
115
108
110
121
114
110
107
111
114
97
110
105
110
101
100
97
98
114
110
103
115
8
121
100
121
101
121
107
100
107
101
3
101
101
114
110
111
110
115
109
115
103
104
101
115
107
101
2
99
97
121
121
101
114
120
103
110
110
103
116
98
101
110
114
107
103
103
103
101
101
101
105
101
103
116
105
111
108
110
97
121
113
101
121
9
110
103
1
1
110
114
114
117
110
116
116
103
110
112
101
97
116
101
116
111
97
101
114
101
115
115
121
103
110
115
110
115
1
116
110
105
100
101
115
110
103
110
111
110
110
114
110
97
101
111
97
109
110
103
121
103
122
121
110
110
109
110
103
115
108
116
120
110
121
115
111
110
116
119
101
103
97
110
107
110
116
103
110
103
101
121
121
121
110
7
103
119
111
103
103
121
97
115
114
101
119
110
103
110
103
103
103
114
110
101
3
117
103
101
103
103
111
97
103
99
101
121
3
110
117
103
103
108
119
114
103
103
115
97
103
1
104
103
107
110
119
101
111
110
121
121
110
105
101
110
110
114
105
116
101
103
110
103
110
110
116
103
103
101
115
110
111
111
103
103
103
110
103
103
110
103
0
110
105
105
115
103
97
108
103
110
111
111
103
105
103
103
103
101
110
111
110
115
103
105
111
110
110
103
103
110
115
101
101
103
121
114
110
105
97
103
103
110
105
111
110
97
105
111
110
108
117
111
111
121
100
103
103
111
9
116
111
103
103
105
110
111
103
105
2
97
110
105
110
105
116
114
116
101
6
116
116
122
115
121
110
111
2
102
4
101
110
110
115
121
111
0
1
119
115
100
114
116
114
114
115
6
103
114
101
115
1
100
110
108
114
97
121
121
97
1
101
2
101
2
115
121
108
114
8
9
115
103
101
101
114
115
103
110
101
0
4
4
111
115
111
101
121
2
7
1
112
121
1
108
97
101
114
114
7
114
108
101
108
116
115
100
110
117
0
100
112
108
8
101
114
116
110
108
97
110
0
101
116
115
111
0
101
110
121
1
114
116
100
1
101
115
4
8
116
101
108
109
111
101
114
114
114
116
101
111
115
101
116
115
1
110
101
104
111
114
101
110
114
110
101
110
101
114
5
6
111
108
114
121
116
113
116
101
121
97
110
114
116
99
110
105
110
116
4
103
97
108
110
1
1
97
110
121
101
97
1
7
122
114
116
121
1
110
121
111
114
114
108
103
1
101
115
101
121
122
110
115
112
100
110
5
116
120
117
97
110
116
103
121
101
97
101
115
111
115
116
111
115
3
121
116
121
100
121
4
1
108
101
100
100
100
114
5
110
115
115
110
115
101
115
3
1
121
101
104
97
108
121
104
101
100
110
115
115
116
111
110
104
109
114
2
1
116
111
100
114
121
104
97
101
115
101
101
104
104
120
115
100
115
116
107
121
110
100
111
100
121
101
116
115
114
101
114
116
114
114
1
97
101
114
111
115
105
107
108
102
108
114
109
101
97
116
115
101
101
121
1
7
99
111
101
104
114
97
101
115
103
97
5
3
103
1
100
104
108
107
104
6
107
101
110
120
103
97
115
1
2
7
120
101
110
103
98
101
121
116
114
121
116
114
115
114
109
100
121
114
111
1
116
104
101
110
5
103
101
110
110
99
116
107
117
121
108
120
115
111
115
121
116
116
115
100
121
110
97
115
100
100
97
100
121
7
116
111
101
116
103
101
116
101
116
102
115
101
5
97
102
103
115
97
121
101
110
115
111
116
100
1
101
101
117
111
104
116
7
108
1
105
108
100
114
101
103
101
107
98
116
116
108
121
117
1
117
101
101
115
115
114
111
104
101
110
115
108
114
122
97
114
103
114
109
114
115
114
115
108
1
114
116
111
101
122
121
121
110
108
106
1
115
112
97
101
114
114
107
99
101
97
101
1
121
115
121
103
121
121
97
110
110
115
109
103
109
113
115
115
1
121
114
112
110
108
2
114
1
103
121
114
114
101
101
114
110
115
107
1
115
121
0
100
100
120
8
110
109
109
116
98
100
114
110
107
110
121
101
111
103
115
101
114
101
108
110
114
1
108
114
97
115
108
121
101
97
114
110
97
100
115
109
110
9
121
101
101
110
111
101
115
104
115
121
97
117
115
115
121
114
97
114
97
121
2
101
1
115
121
101
121
97
101
114
114
110
110
9
115
114
1
101
121
114
9
1
101
121
115
121
116
110
100
99
110
110
115
114
97
115
1
114
4
101
97
97
116
1
115
121
115
108
1
101
101
1
100
110
110
103
116
111
111
111
7
109
110
121
1
116
100
103
111
101
121
103
114
110
121
99
102
115
105
116
111
108
115
110
110
115
115
101
104
103
120
111
101
107
116
101
104
100
108
100
114
121
103
116
114
114
101
101
104
101
101
104
100
115
115
121
110
109
115
1
100
100
104
115
110
101
100
121
115
107
121
103
110
1
114
115
101
100
101
114
1
5
108
100
101
115
110
115
97
116
121
101
110
121
112
101
121
101
99
111
103
1
101
114
101
97
121
115
109
121
121
121
97
108
97
101
101
121
1
110
108
121
98
103
103
111
101
121
108
5
101
109
115
2
121
111
107
114
114
97
100
108
115
115
115
108
1
101
6
110
115
110
114
110
115
119
115
103
111
110
99
101
3
115
116
97
110
110
1
115
4
115
110
115
116
103
114
116
114
115
103
100
104
110
110
110
1
101
108
115
116
115
107
102
100
115
115
109
115
114
116
108
110
104
116
99
1
111
110
106
3
114
115
97
115
110
114
101
0
121
115
6
115
110
109
115
120
4
98
116
100
101
111
110
116
102
115
102
114
1
121
1
115
107
101
121
116
108
101
115
97
104
1
101
1
115
1
114
97
115
108
103
99
97
97
115
103
97
116
101
108
116
116
97
110
114
97
104
104
110
110
104
3
121
103
100
102
114
116
115
97
110
103
110
101
1
110
114
101
97
121
97
112
108
107
111
1
111
114
110
108
101
121
110
104
114
99
115
110
121
116
108
109
101
109
111
97
3
101
104
1
121
1
110
115
101
110
1
107
100
114
117
101
114
105
108
115
103
120
99
108
110
101
108
2
121
4
97
1
1
121
101
121
121
116
114
122
115
121
110
116
121
102
100
121
112
112
121
101
101
121
120
103
101
1
115
111
115
104
115
110
1
99
122
103
121
97
115
111
100
112
116
97
111
114
114
97
101
114
116
111
110
5
115
101
105
97
97
100
115
110
6
100
110
116
121
116
101
121
110
101
110
103
99
2
110
97
116
103
1
119
110
101
110
98
1
115
115
115
105
115
1
116
115
7
101
101
101
97
115
101
101
103
104
122
110
111
115
107
1
9
101
104
104
121
114
97
97
107
104
116
119
110
103
97
101
1
108
114
114
1
116
104
114
97
108
114
101
1
104
1
97
114
111
0
1
116
115
121
101
1
115
110
1
121
9
6
110
115
110
116
97
116
108
116
103
121
114
101
101
101
1
111
8
105
102
121
112
115
115
101
115
115
97
108
107
115
114
101
97
100
116
116
101
101
104
97
114
97
115
121
108
115
99
101
1
101
109
108
115
110
0
121
116
115
1
111
116
108
110
116
115
101
108
97
111
0
100
2
100
116
115
114
9
104
110
1
6
110
97
116
116
97
108
115
115
110
100
111
117
100
114
121
114
104
110
1
121
101
100
115
121
101
111
114
111
101
115
115
1
101
115
101
114
1
1
115
110
9
6
103
101
115
103
110
114
1
116
108
115
121
107
114
114
114
116
110
101
115
115
104
97
110
1
115
99
103
114
101
101
97
102
99
104
100
121
114
115
111
115
115
109
108
105
101
1
101
110
6
115
104
110
9
120
114
121
101
101
109
97
98
106
119
100
110
110
115
109
115
115
97
116
110
105
101
115
122
116
114
109
103
121
101
97
101
103
101
110
106
114
111
101
114
114
114
112
105
110
1
110
101
105
5
110
115
110
108
110
97
98
110
101
0
121
111
104
1
109
97
101
116
111
110
110
104
115
115
110
107
121
119
121
114
115
110
119
115
114
102
1
2
121
115
116
1
101
107
103
111
1
121
121
110
114
115
121
1
116
101
110
109
101
101
100
3
9
115
121
116
116
103
101
99
121
121
111
104
100
1
116
121
101
110
110
101
9
103
108
110
101
6
5
121
97
121
114
101
114
121
115
104
107
107
110
111
116
121
101
122
114
101
103
111
97
112
101
97
9
1
115
97
101
1
114
1
114
121
103
115
115
101
97
111
100
1
111
104
112
120
1
114
97
9
1
110
97
1
104
101
121
104
9
0
7
114
101
115
121
116
121
115
121
116
110
116
103
115
114
97
121
115
2
111
115
9
115
114
121
101
109
114
116
101
115
110
121
115
101
114
101
115
116
110
110
110
110
121
101
103
111
116
111
107
100
121
114
114
101
1
100
116
104
116
101
119
100
112
121
119
121
114
115
121
117
97
121
102
101
114
1
1
115
3
108
103
120
107
110
115
115
111
115
97
114
101
1
122
108
103
1
116
3
121
115
101
100
114
116
4
99
101
115
103
110
110
101
110
115
108
110
6
121
109
110
111
107
115
97
1
100
110
112
97
121
101
114
9
112
116
114
121
101
104
1
114
101
1
103
1
107
111
99
97
107
115
114
101
1
115
101
97
118
105
114
121
3
121
1
103
100
120
108
101
111
110
100
121
110
101
120
97
119
103
110
9
100
121
101
116
114
114
100
116
103
1
115
107
115
101
105
111
1
121
107
100
101
115
107
115
101
4
114
108
103
101
114
110
111
108
1
108
115
101
1
115
101
119
121
101
111
110
110
101
114
110
115
108
110
107
120
119
115
114
116
7
121
115
0
115
111
5
7
101
108
110
101
1
8
115
101
110
101
110
100
1
115
105
100
97
115
115
97
110
100
101
100
121
97
108
114
103
115
114
115
104
111
115
97
111
121
115
97
108
108
2
110
119
115
1
110
115
110
116
121
100
116
101
116
110
114
114
101
116
110
101
100
111
115
2
101
121
115
115
114
114
115
115
112
104
101
101
98
107
101
97
121
8
97
97
97
1
115
101
114
101
0
108
119
112
108
97
9
111
1
105
101
121
100
115
101
110
115
101
1
115
97
110
101
100
101
1
108
102
114
101
115
110
101
114
110
99
112
115
116
97
111
9
116
107
101
101
120
4
2
5
115
111
101
121
101
110
107
4
97
107
110
103
115
116
121
101
115
109
1
110
115
101
121
98
109
115
114
116
101
104
107
110
5
114
114
101
114
115
6
108
97
101
121
114
114
121
2
101
109
4
111
110
101
0
115
110
110
111
100
121
111
113
114
121
114
111
104
101
101
114
109
97
115
3
115
114
104
112
108
103
104
100
103
5
114
115
121
121
103
1
105
115
101
111
110
116
110
1
101
105
116
110
114
103
115
116
2
5
103
99
110
0
110
119
110
121
110
107
104
2
115
116
104
107
97
110
121
110
115
114
115
99
115
101
114
101
111
1
101
110
114
114
121
110
121
104
1
7
103
114
112
115
121
115
115
110
101
114
115
3
101
103
0
121
1
101
115
103
116
101
103
114
107
114
115
111
111
108
110
101
97
110
114
97
100
110
115
115
115
115
111
109
115
110
115
3
111
115
6
111
111
116
108
101
108
116
114
101
101
108
101
97
115
105
114
115
110
115
109
121
121
110
115
114
101
121
100
115
110
107
110
2
110
115
101
101
100
116
114
116
116
114
116
100
122
1
111
97
101
101
9
110
118
99
8
121
115
116
116
104
110
121
110
108
111
105
104
116
115
115
110
108
110
115
109
97
121
115
114
111
109
122
115
4
1
114
101
121
104
110
114
115
115
115
114
0
110
114
115
0
108
114
97
2
101
101
114
121
115
100
108
100
115
114
115
114
116
121
110
101
116
104
100
105
121
114
1
100
101
97
101
110
1
102
110
116
103
115
114
115
121
97
105
101
114
6
115
101
115
103
110
117
103
110
114
115
114
100
114
100
110
97
101
108
110
99
114
101
121
116
116
101
108
100
1
104
114
101
114
100
114
1
103
114
121
97
103
115
115
116
115
110
103
100
7
3
115
121
9
1
100
1
115
101
114
101
114
101
114
101
110
112
114
121
109
114
121
108
97
1
114
100
1
114
1
110
115
121
119
107
101
116
119
103
101
108
101
1
121
0
115
99
110
121
101
121
121
116
101
97
3
121
97
97
101
121
121
116
120
101
116
121
107
97
121
121
100
8
116
114
115
104
103
101
121
120
1
110
119
101
110
110
1
101
121
108
110
119
101
114
115
100
109
97
104
115
110
115
101
110
114
104
109
101
121
97
111
115
101
3
103
119
108
107
111
101
107
103
97
101
121
97
115
110
115
108
115
100
115
101
100
6
116
121
110
116
115
105
114
101
116
104
1
101
115
97
121
8
97
102
111
121
103
115
110
115
121
1
97
105
116
108
8
6
2
114
1
1
121
111
110
120
100
117
1
101
1
110
104
114
115
107
97
109
116
108
97
1
115
7
7
9
109
115
101
114
121
1
116
114
101
1
110
121
97
103
106
108
110
9
110
99
1
115
1
1
115
115
110
121
108
110
101
115
1
1
108
1
103
101
1
105
115
101
100
1
1
101
111
105
110
3
7
112
116
101
115
101
115
114
116
111
101
97
101
97
115
101
103
107
7
115
110
1
1
104
121
115
111
111
112
114
121
117
0
115
1
115
103
115
116
101
104
1
112
112
116
114
110
121
115
116
101
115
114
7
115
115
101
116
119
4
97
107
111
108
114
121
110
8
100
101
114
110
110
100
110
117
111
115
112
118
97
115
115
97
116
1
5
1
104
116
115
107
114
100
101
101
101
97
97
115
111
110
121
121
117
3
121
101
100
115
100
103
114
116
97
101
110
107
1
1
9
101
104
97
119
3
1
1
121
101
98
1
121
3
1
101
116
97
101
110
115
107
115
120
110
111
97
115
110
119
114
1
121
114
115
114
115
101
108
121
1
103
115
1
116
121
101
115
116
101
117
101
4
115
103
110
97
114
101
108
110
101
97
110
121
110
7
6
97
1
110
111
104
121
1
114
114
1
115
108
111
99
111
100
107
105
101
105
110
99
121
121
112
117
100
1
100
121
109
115
110
121
101
114
3
110
116
0
101
101
1
110
115
97
120
111
121
100
101
101
114
101
121
121
114
1
115
8
104
3
112
105
0
100
115
103
115
115
1
103
121
97
114
101
101
118
7
121
97
99
116
121
110
111
101
100
100
1
110
108
97
116
111
115
1
108
115
110
114
105
114
101
103
111
114
116
3
3
101
1
120
97
108
105
103
114
115
1
101
101
104
4
115
99
107
1
111
97
121
109
116
109
111
114
114
101
116
108
97
100
101
110
117
104
107
110
101
97
107
103
101
100
106
116
104
115
116
121
115
101
2
111
102
114
110
121
101
2
115
97
108
121
1
97
110
114
2
1
110
100
114
104
101
114
101
114
112
121
104
108
115
111
116
107
121
108
121
101
110
110
110
116
101
101
114
102
104
121
101
121
6
101
101
121
114
110
1
116
110
3
97
114
103
110
121
101
97
1
102
119
110
101
116
108
114
121
101
115
111
101
108
114
104
115
100
101
116
110
101
97
105
121
108
100
104
0
116
103
121
114
115
9
114
114
110
110
114
121
3
116
99
121
101
115
114
115
100
107
1
101
101
115
120
111
116
114
2
97
121
101
101
115
114
101
110
115
101
9
114
119
121
112
115
97
103
100
121
108
101
110
97
120
1
114
97
102
121
110
101
114
111
107
116
110
108
101
6
110
101
110
115
115
114
101
121
107
97
9
116
114
114
100
104
114
114
121
97
1
109
110
108
3
0
115
115
100
110
110
101
104
115
108
104
105
115
3
1
97
102
110
111
115
6
115
108
1
1
101
121
115
110
116
114
110
110
122
108
108
100
3
117
114
101
99
1
114
114
103
1
101
97
114
115
104
107
121
101
110
115
103
1
103
97
101
1
1
108
110
100
1
104
1
114
107
5
0
115
115
115
121
97
111
114
101
115
97
116
116
97
121
6
4
116
104
1
0
115
104
110
1
4
0
101
110
121
97
101
109
116
111
116
115
108
110
101
2
110
100
115
109
111
108
111
114
114
97
8
97
101
1
119
110
116
1
101
101
116
1
110
1
114
115
103
121
111
111
108
115
109
1
101
121
107
107
115
115
5
1
0
1
0
100
111
111
112
121
111
97
107
1
107
97
115
114
101
116
110
97
4
100
1
2
114
110
102
111
115
97
1
101
1
105
108
101
115
97
114
108
121
121
108
104
1
116
7
1
121
97
97
98
110
110
101
6
105
102
100
100
115
1
116
97
101
1
1
111
110
110
101
111
114
3
110
1
121
101
108
114
121
3
108
97
97
107
110
110
114
97
111
115
97
2
101
122
114
116
115
97
114
101
1
109
110
97
115
111
119
119
103
97
116
101
110
105
1
116
110
103
112
114
1
101
116
115
101
1
97
100
111
119
100
97
97
121
115
115
116
110
97
100
114
110
103
114
110
114
108
1
103
115
1
97
101
115
114
97
101
101
101
119
121
115
100
104
97
101
110
105
115
116
101
110
97
115
114
112
100
108
101
101
108
101
117
115
1
109
114
101
1
1
111
97
2
111
116
3
1
108
115
2
114
109
114
1
110
108
116
101
114
101
114
1
114
111
101
110
121
114
110
116
97
97
1
110
111
115
114
110
8
110
108
110
110
115
97
97
101
110
108
97
103
101
108
116
101
1
101
101
111
1
104
1
116
121
101
97
97
116
121
101
100
115
101
1
3
111
121
105
108
107
121
115
115
2
116
101
115
111
110
100
107
114
108
114
107
114
101
99
115
101
111
115
101
121
101
3
103
101
115
111
116
117
116
100
101
114
115
107
101
110
110
0
8
9
4
103
109
107
119
121
114
114
101
114
111
1
107
101
104
111
108
99
115
108
115
97
5
1
110
97
121
100
110
5
8
110
1
114
108
97
115
107
101
108
115
111
108
1
111
115
121
110
101
121
101
116
115
2
114
101
107
97
110
9
1
114
121
97
110
107
101
111
110
115
115
110
100
1
116
114
100
116
0
120
111
100
104
120
100
109
111
116
101
105
101
1
116
117
115
116
114
1
114
108
100
1
1
110
109
115
1
111
110
102
118
100
108
7
7
1
2
97
1
6
100
121
114
110
115
101
107
116
97
1
114
1
1
1
1
1
114
8
1
1
105
111
101
121
9
5
1
115
115
97
114
101
110
114
111
113
107
107
117
117
108
110
1
115
105
116
115
100
107
104
98
121
114
112
105
115
116
100
6
103
100
116
3
7
115
116
101
110
101
121
114
110
115
1
108
97
97
101
101
101
4
101
110
112
108
101
121
101
1
110
121
115
110
101
1
122
2
115
103
115
109
115
1
103
97
111
115
1
114
100
108
115
4
6
101
2
114
97
105
115
101
115
105
114
105
116
120
1
101
115
110
100
1
103
115
110
97
101
114
99
114
111
118
115
97
1
117
121
9
110
104
97
108
97
101
111
116
104
116
97
121
101
110
114
116
122
111
110
97
116
1
115
115
104
1
101
101
114
110
114
108
110
108
1
1
105
2
6
116
97
111
114
116
114
121
107
101
97
114
111
1
101
5
2
97
97
114
111
101
111
6
108
110
114
115
108
101
105
121
115
111
1
97
103
99
101
110
100
112
111
102
116
1
101
111
101
110
121
110
115
114
111
107
1
115
100
100
110
116
121
0
116
115
100
99
114
101
0
1
107
1
115
110
2
100
1
119
111
108
109
1
8
4
101
107
1
98
109
108
121
111
121
104
101
101
108
110
102
1
114
117
108
97
110
101
104
100
110
121
121
97
116
104
5
98
109
110
122
108
3
101
112
105
112
1
100
104
1
101
119
121
110
101
101
101
1
114
115
104
110
116
121
110
115
115
110
97
100
110
1
115
115
100
107
101
6
116
8
1
1
114
101
116
101
107
115
99
97
110
101
101
1
100
110
116
115
97
1
100
116
1
97
97
116
110
114
109
7
1
115
116
114
110
97
116
121
1
110
1
115
101
116
115
99
1
1
103
114
116
114
111
2
6
103
112
120
1
116
3
115
116
114
102
100
101
116
101
1
115
101
122
1
109
115
115
97
105
116
122
114
110
7
9
101
101
121
1
2
121
111
1
116
101
115
97
100
99
1
101
104
121
100
107
97
108
114
114
111
101
104
7
110
114
114
108
115
100
116
110
114
114
100
115
3
110
117
9
2
104
1
0
115
111
97
1
97
121
97
111
116
110
110
121
114
115
1
110
115
101
111
101
115
101
1
121
110
110
1
1
114
115
100
101
121
103
115
115
116
1
107
104
108
122
109
111
115
121
97
121
1
115
110
121
102
114
121
97
110
101
97
110
121
1
121
1
114
1
5
117
0
114
114
116
110
121
104
115
102
120
120
101
3
1
1
97
110
97
108
121
116
4
101
101
108
121
100
101
116
108
104
110
116
115
114
1
109
117
107
110
103
99
110
104
101
114
108
107
116
101
110
97
121
108
110
115
110
107
115
1
111
110
111
110
110
1
111
101
104
118
114
114
110
5
2
112
101
110
114
109
3
1
7
115
110
114
1
112
101
121
101
115
1
106
115
101
9
4
115
97
115
121
115
114
101
1
111
101
115
6
3
101
112
109
110
108
110
100
101
110
97
110
111
110
108
1
111
0
101
119
110
116
1
121
118
105
109
115
101
5
121
101
104
99
110
105
114
116
101
108
120
110
1
98
101
115
120
6
5
115
120
115
115
109
109
0
115
1
110
103
111
108
101
114
114
1
121
108
114
1
107
100
3
97
111
111
116
101
111
3
107
104
101
1
121
1
114
112
116
1
2
101
97
102
115
110
110
101
114
115
105
121
114
7
110
110
1
110
103
111
1
1
121
101
4
1
8
116
115
117
116
121
115
105
107
110
114
111
110
107
120
100
110
101
114
109
110
115
110
115
101
112
3
7
101
99
111
100
97
9
4
114
116
101
97
101
1
101
121
111
111
100
104
100
111
110
110
99
114
101
100
103
101
1
108
111
111
121
114
121
117
101
101
114
103
114
1
101
116
103
115
110
104
1
114
115
110
110
120
1
2
100
2
1
115
101
114
101
109
110
101
100
114
2
115
110
109
105
110
115
109
114
110
110
110
114
101
101
102
9
100
2
114
121
2
97
110
108
103
4
115
111
115
101
101
109
1
114
111
108
101
116
97
9
114
100
111
111
101
109
110
9
4
108
114
101
101
115
121
1
97
108
101
121
121
121
110
107
101
105
114
100
114
97
101
97
8
0
4
108
111
103
1
100
111
115
115
114
115
115
108
101
121
97
100
116
101
121
101
114
97
111
114
101
110
101
100
115
1
4
0
8
6
114
101
115
114
97
4
101
1
101
100
119
115
115
114
109
1
115
110
115
121
110
110
115
115
109
110
101
97
101
121
116
103
103
1
103
105
116
112
101
2
97
1
115
114
100
121
97
114
101
9
7
0
104
114
115
108
121
103
2
114
1
109
107
1
119
103
108
114
109
111
116
2
101
107
104
104
111
104
101
109
101
119
111
114
8
8
9
7
7
115
97
115
110
114
97
114
111
105
6
1
114
110
1
115
115
104
104
114
115
1
110
1
115
1
110
109
107
115
119
100
115
100
104
1
97
115
101
108
110
101
110
119
104
115
114
101
97
114
104
121
101
103
2
111
111
1
103
110
101
110
3
114
121
101
115
114
121
1
111
1
115
111
114
114
101
104
115
107
1
104
101
101
116
4
1
100
105
104
6
2
115
107
1
108
100
114
116
115
115
102
110
114
101
111
101
97
1
110
115
101
1
101
110
3
100
3
116
115
110
114
112
110
105
4
115
101
116
97
110
111
110
109
101
111
111
108
115
115
107
110
100
114
108
108
3
8
5
114
115
121
121
115
109
103
9
102
114
115
114
100
119
115
3
101
1
97
111
7
111
110
101
109
114
5
1
1
101
114
109
121
101
107
1
0
97
115
114
105
97
116
9
1
108
101
101
101
107
115
114
1
103
115
114
97
116
2
116
110
101
116
121
110
115
105
114
101
1
1
114
114
115
101
100
114
111
115
121
1
116
6
108
2
97
1
97
101
121
101
107
4
102
1
107
1
110
107
97
97
1
0
103
116
2
1
115
115
108
115
111
111
1
101
114
116
110
100
100
101
101
100
101
116
1
101
97
108
1
1
115
5
2
114
115
1
104
110
121
114
114
110
121
105
121
110
101
98
101
115
110
110
100
97
114
121
110
101
103
101
1
101
97
116
115
101
111
100
116
100
107
108
97
111
100
1
110
121
101
97
1
116
121
107
108
104
110
1
9
1
115
121
1
9
9
1
110
1
101
103
111
107
115
114
97
9
1
101
115
121
103
121
110
3
121
3
1
115
101
3
115
101
121
101
110
100
100
3
121
115
101
1
110
121
115
6
112
115
116
121
1
6
116
101
101
108
97
1
114
108
101
97
120
3
103
5
116
114
110
101
105
114
103
116
100
107
122
1
108
97
115
100
1
108
115
116
111
105
104
111
102
103
108
115
6
110
110
108
102
114
105
121
121
103
101
114
107
105
114
101
114
116
114
114
101
107
115
108
104
115
121
115
115
107
97
5
111
101
100
105
98
108
121
100
121
100
9
0
0
114
103
101
110
101
121
9
110
121
114
1
108
101
114
114
97
111
110
111
114
101
115
107
97
1
101
114
110
1
101
120
107
111
119
121
110
101
1
97
114
2
111
101
101
101
115
115
110
114
109
105
121
114
110
1
1
105
97
1
114
111
97
8
4
97
115
101
115
110
1
100
108
101
110
103
103
2
97
1
111
99
110
103
101
110
111
5
100
7
115
115
121
121
101
115
1
101
114
111
121
1
6
0
110
1
103
114
97
115
101
1
116
100
121
101
115
115
101
101
101
114
1
117
121
101
115
111
111
101
110
1
0
103
114
103
116
7
121
101
115
108
5
7
110
101
114
116
101
115
101
101
1
120
121
101
103
114
120
121
9
101
111
115
101
97
107
100
108
101
101
110
116
2
3
3
109
100
109
112
1
111
116
1
110
115
1
1
101
116
1
107
97
104
116
114
1
115
101
109
103
101
110
108
110
101
116
104
97
101
1
101
121
101
101
0
8
101
97
115
1
100
1
3
2
7
4
111
114
1
116
116
101
121
108
100
115
103
101
111
108
101
2
105
101
97
1
101
101
115
1
110
101
97
1
105
97
115
102
101
1
121
101
116
100
108
116
97
100
114
1
1
107
100
103
115
110
111
116
97
100
1
1
111
111
5
3
107
111
114
115
1
114
1
1
6
120
114
110
121
100
100
121
115
121
121
2
105
107
116
121
114
97
108
115
101
114
114
3
121
111
97
2
101
1
6
8
6
101
97
104
100
115
8
3
9
112
97
97
107
101
116
101
116
121
1
115
121
114
121
100
115
119
101
108
114
115
101
101
101
114
108
100
116
103
111
121
98
121
97
111
101
115
115
109
110
110
115
111
114
97
97
97
116
97
116
116
4
0
1
1
1
115
101
98
115
1
107
9
1
121
101
114
109
115
7
110
100
110
100
118
101
101
97
108
121
105
111
101
101
121
101
115
105
97
121
114
121
1
101
110
108
100
115
97
2
4
1
4
0
1
115
108
101
1
116
111
97
121
97
100
116
115
120
107
110
7
115
101
114
3
101
122
103
97
121
101
121
99
104
2
109
101
103
111
118
101
114
101
121
116
100
1
105
3
104
110
119
112
121
112
108
121
115
121
7
109
115
109
115
115
1
114
105
101
1
103
110
107
115
111
115
101
97
97
121
117
100
108
101
97
112
114
108
1
116
101
1
110
119
97
1
1
7
2
104
114
115
108
111
116
0
105
114
115
3
1
1
111
116
116
115
101
100
1
121
114
110
97
117
110
97
121
97
111
105
101
116
6
1
4
2
5
101
1
108
7
97
99
104
108
115
116
107
110
101
114
116
117
1
97
115
101
101
115
108
121
104
122
100
110
116
119
115
115
110
121
110
108
97
104
6
101
2
110
110
101
115
101
117
1
107
111
115
101
110
110
115
97
1
101
97
119
111
110
1
104
116
114
119
115
3
110
101
118
101
116
97
114
101
105
97
1
1
111
1
115
1
114
1
101
97
116
110
101
105
101
105
111
108
1
102
1
110
109
8
6
7
5
3
97
99
97
107
115
121
97
112
103
101
111
120
121
102
114
116
101
108
114
2
110
1
103
104
100
114
101
97
111
102
97
101
103
101
101
113
110
98
1
101
1
114
101
115
101
111
101
114
3
103
2
122
1
111
101
111
1
110
104
116
111
2
1
114
0
115
1
116
0
9
101
115
1
107
114
115
122
110
104
101
122
110
101
5
108
97
101
97
1
114
119
97
100
107
109
100
110
111
1
2
1
3
100
110
115
119
121
3
114
115
4
2
9
1
108
103
102
107
8
3
103
115
1
97
116
105
114
115
100
1
111
114
121
116
101
102
121
101
110
111
112
103
102
121
119
1
99
116
110
116
114
101
115
114
100
97
110
115
106
1
6
100
121
101
107
107
98
1
107
107
114
110
116
116
105
115
110
115
115
1
110
110
119
1
105
110
116
9
107
7
110
2
99
0
0
105
97
115
1
5
97
102
114
101
110
104
116
1
114
100
115
1
1
1
105
121
103
116
101
101
101
7
120
112
103
116
100
97
110
116
103
3
2
1
121
110
121
116
108
101
1
101
108
1
110
111
108
112
121
9
110
121
111
115
102
115
1
110
114
1
2
114
101
119
110
100
110
6
99
101
97
101
115
97
1
101
108
114
112
115
110
105
97
112
121
1
114
116
1
115
101
110
1
1
101
110
116
121
116
108
111
108
115
105
97
108
105
107
1
97
100
104
104
115
107
121
105
115
114
116
105
115
109
97
101
111
112
100
100
112
99
101
117
107
121
100
1
114
122
1
5
117
110
100
1
121
121
1
114
114
0
101
97
1
111
107
121
115
121
1
116
101
1
1
115
116
116
101
103
112
1
116
103
1
110
6
108
111
120
1
101
114
1
104
101
114
108
9
1
115
116
97
1
108
114
101
101
113
9
115
109
121
119
115
103
99
108
116
103
101
114
101
114
121
101
116
110
115
114
110
101
108
2
115
115
101
1
121
109
113
104
97
110
1
101
114
121
110
97
103
108
5
122
101
121
115
3
115
121
121
100
109
101
97
110
114
119
109
101
120
108
100
3
110
1
97
121
97
109
115
101
116
1
7
115
121
114
121
115
107
97
3
110
110
105
120
118
101
4
115
101
97
104
115
6
1
3
108
101
1
1
115
110
114
112
107
114
1
101
115
121
99
116
97
101
111
121
115
110
115
116
120
110
108
1
115
116
111
108
8
8
8
121
115
120
115
116
116
104
114
97
104
114
103
4
9
6
0
102
9
107
111
121
114
98
116
114
105
114
116
101
101
1
115
116
101
100
111
103
97
1
101
115
115
110
115
115
121
119
116
97
104
110
1
110
112
120
1
115
121
100
1
116
9
99
108
115
114
100
1
114
116
1
114
100
5
114
103
101
115
115
100
101
108
114
121
115
111
104
101
110
100
101
115
111
116
5
1
115
101
1
111
97
7
5
1
106
107
1
103
110
115
121
97
101
6
6
105
116
121
110
121
121
103
107
115
109
108
107
115
114
109
115
115
116
120
115
116
103
107
115
100
115
114
1
117
114
110
7
110
116
111
1
105
116
108
114
115
105
114
100
97
110
1
8
4
101
111
111
114
0
111
111
110
101
100
97
101
115
108
4
108
101
1
3
110
116
115
103
112
101
110
107
1
121
101
97
4
97
114
97
1
113
112
1
110
1
116
107
110
115
115
116
115
101
101
110
97
121
7
115
104
101
104
1
110
116
101
1
97
121
115
114
121
114
119
111
101
104
116
4
97
1
114
110
116
117
110
114
105
103
5
114
110
110
108
105
122
106
1
2
0
108
121
121
121
120
101
121
102
2
101
101
115
114
1
110
110
2
1
115
108
115
108
99
115
117
115
107
2
101
122
121
1
97
101
101
116
109
1
97
102
4
6
1
1
97
101
116
121
100
100
111
3
9
115
104
101
115
9
109
121
115
111
97
111
115
1
115
101
1
110
103
115
115
1
97
116
9
121
108
114
119
101
110
101
116
116
116
97
114
2
101
111
101
119
110
103
101
108
121
115
101
121
101
101
1
114
114
107
116
101
115
115
3
114
109
97
9
111
101
1
1
1
101
97
5
115
116
109
105
109
115
101
117
97
114
100
101
105
103
114
3
121
7
113
116
115
108
110
8
111
117
112
115
115
115
1
100
115
108
3
110
101
116
99
111
116
110
114
121
117
3
115
104
1
110
115
110
1
116
100
101
109
116
115
7
4
5
97
101
114
97
97
116
115
1
116
116
110
115
120
2
3
1
7
110
109
107
101
101
4
100
110
121
1
97
114
114
1
111
108
104
101
110
116
110
110
115
111
1
120
115
117
112
1
1
105
107
99
116
1
103
110
101
104
98
111
101
116
116
121
121
104
114
109
120
101
110
115
121
101
105
101
98
110
97
110
1
1
101
121
114
6
103
110
105
1
101
115
1
97
102
105
1
110
101
101
103
103
1
115
111
97
108
110
110
99
9
0
107
114
115
108
4
114
119
121
1
115
115
115
101
115
97
7
3
8
4
104
114
101
115
114
97
115
114
110
114
114
115
111
115
110
120
2
109
101
105
2
99
1
97
1
114
6
9
9
8
3
100
114
97
104
111
3
114
116
97
1
115
103
116
107
116
0
1
121
0
9
6
111
7
97
111
114
121
1
101
103
114
101
105
115
3
101
1
108
101
120
122
1
1
109
103
101
103
103
2
114
101
108
100
99
101
110
101
120
111
100
114
101
114
108
115
121
1
104
101
1
115
0
121
121
101
104
111
101
108
115
101
108
4
119
1
108
101
114
101
2
111
110
110
103
101
100
101
112
115
121
98
1
108
101
101
101
117
100
114
114
116
101
108
110
104
120
115
110
115
121
101
110
100
121
8
116
114
116
114
7
4
1
7
3
104
110
115
1
110
97
1
101
110
122
1
9
115
1
114
103
100
121
1
101
113
107
101
121
121
2
101
107
100
114
110
115
121
119
114
115
114
101
102
114
97
120
108
2
114
121
9
7
8
9
105
121
97
110
110
111
108
114
8
118
8
100
1
110
115
115
8
1
107
110
103
110
1
114
100
121
112
115
110
101
101
101
103
121
97
115
101
108
110
97
114
112
121
101
114
115
97
100
115
121
101
115
116
114
4
107
1
105
119
115
114
7
112
112
97
111
99
3
114
97
110
101
1
121
121
121
101
105
114
107
105
120
97
105
100
101
114
100
115
104
108
113
1
115
99
6
111
110
101
99
100
100
1
114
101
110
100
116
9
111
121
107
103
105
101
5
116
115
104
101
100
0
101
1
5
1
2
120
101
114
108
97
116
116
110
1
115
115
114
97
115
115
100
103
104
108
110
100
114
6
121
2
113
100
114
8
7
4
2
97
101
110
115
99
115
98
101
116
122
117
100
110
0
110
108
1
103
116
109
101
110
110
108
2
108
110
4
121
116
118
121
107
108
98
108
115
4
111
108
114
101
107
116
115
97
108
110
121
122
101
112
101
121
120
119
116
121
115
115
116
0
108
110
116
121
110
115
101
1
117
118
101
116
110
111
100
1
110
2
114
115
102
107
121
103
110
101
114
2
99
97
103
110
121
116
105
119
105
116
111
115
114
100
1
108
1
1
4
1
4
111
109
110
1
119
107
112
0
97
116
113
110
101
115
121
117
101
101
115
109
110
100
1
115
114
119
1
107
105
115
115
104
114
111
1
101
7
1
105
3
110
121
102
110
104
97
97
9
108
116
6
101
115
108
7
0
7
1
4
100
110
99
116
116
115
107
121
108
110
115
1
110
98
110
101
102
1
115
115
0
3
112
7
102
105
116
1
1
116
108
101
107
108
108
101
103
116
104
101
111
110
115
114
97
99
103
115
100
121
108
108
101
120
97
111
110
119
116
112
116
114
101
1
2
114
99
104
116
116
101
99
3
114
117
108
1
121
115
101
1
1
3
110
109
101
115
110
116
116
114
109
1
114
109
110
110
120
114
121
97
97
110
108
97
1
101
104
121
108
115
1
114
108
114
102
1
116
97
114
9
0
100
107
4
4
121
116
0
5
107
119
115
99
114
113
101
110
5
97
99
120
107
9
103
100
100
97
116
2
101
100
108
110
6
116
1
1
102
112
121
115
116
106
121
121
116
110
122
1
114
97
1
1
100
103
117
115
97
110
1
115
116
2
9
100
1
101
100
3
99
1
101
1
7
104
110
1
110
108
1
103
115
2
6
116
100
1
0
2
100
101
119
1
112
1
101
102
110
97
115
100
103
103
98
110
114
1
110
2
1
118
107
3
108
1
114
100
99
101
105
122
104
115
121
114
116
1
111
97
113
3
116
8
99
101
1
114
116
111
97
114
116
103
119
98
117
115
105
102
101
101
108
1
100
111
97
116
1
1
97
110
114
97
1
101
1
101
109
101
110
114
110
97
1
104
100
101
101
115
110
101
111
100
114
110
1
115
0
114
122
1
122
109
115
100
101
115
101
101
112
100
1
5
1
1
109
3
1
0
110
100
106
116
114
114
110
101
107
1
1
121
110
120
104
101
97
110
107
115
101
115
104
110
98
115
112
97
107
108
111
121
101
100
114
101
114
114
103
108
108
115
114
107
116
116
110
1
121
0
1
3
9
121
110
121
115
115
100
110
116
105
115
121
103
107
100
6
101
110
8
1
2
115
117
115
117
1
115
114
118
2
115
99
110
121
111
111
1
100
115
101
112
122
109
108
110
103
116
115
108
115
109
121
116
97
114
97
115
97
117
106
108
1
111
111
115
108
97
101
1
1
116
1
115
99
115
1
115
116
110
111
107
115
1
1
115
108
6
111
100
107
1
104
103
111
3
1
114
99
101
111
115
119
1
115
101
4
111
121
110
105
1
100
883
21
36
10
684
15
635
580
822
851
750
659
45
300
767
723
646
652
849
6
2
638
875
645
28
635
662
774
800
639
661
652
642
654
639
425
627
448
439
643
643
633
728
641
835
438
877
738
751
30
652
621
626
45
21
650
618
887
661
751
625
752
12
646
36
532
610
636
630
738
879
457
762
634
636
737
634
665
876
667
640
660
4
647
762
9
639
621
871
651
725
750
733
732
668
620
646
621
666
659
627
769
661
627
892
630
652
745
664
767
763
582
644
654
756
642
850
634
632
653
669
12
552
560
845
756
871
649
680
644
870
621
664
754
628
774
625
725
411
509
667
634
619
747
645
840
750
641
616
640
522
662
745
720
748
528
653
317
657
655
738
663
873
717
422
640
657
751
609
776
647
642
645
628
542
840
740
661
628
431
625
619
537
661
539
636
718
754
717
665
758
641
631
746
447
625
646
662
824
767
750
650
852
424
744
0
622
656
8
623
672
661
353
414
862
754
776
742
657
686
655
865
49
645
519
520
659
770
633
849
648
409
664
757
677
634
641
741
545
747
668
644
772
646
880
736
620
743
662
638
616
424
647
648
753
637
641
880
655
761
529
615
645
672
648
830
867
672
539
646
786
603
646
745
783
652
638
508
12
633
667
875
649
648
652
654
635
743
647
552
762
38
410
659
656
11
12
842
740
634
631
417
546
645
452
633
552
960
42
600
634
663
737
64
849
756
843
651
765
761
665
648
774
729
645
426
906
513
536
865
754
655
39
638
646
643
416
6
6
821
655
750
766
426
632
637
662
28
657
426
647
422
663
655
634
765
544
558
635
456
414
530
767
851
672
668
557
321
557
649
665
629
442
736
661
533
15
732
551
709
877
623
623
239
637
640
419
666
623
738
30
645
669
828
631
550
626
8
636
16
662
414
763
854
626
866
823
759
416
431
665
551
429
524
874
411
643
434
427
530
536
649
540
771
830
670
442
654
641
456
634
60
655
559
643
511
647
722
5
643
548
418
12
543
871
545
758
661
663
652
54
669
850
849
653
440
638
614
563
541
8
881
646
636
868
823
836
440
552
752
425
645
813
880
644
741
651
652
628
543
767
0
543
867
636
832
633
645
36
759
650
787
734
18
645
742
876
300
650
735
565
653
510
863
545
655
751
756
480
768
657
772
866
454
430
653
645
736
758
427
642
628
651
653
632
48
736
657
610
750
656
629
834
731
653
772
722
549
854
630
884
12
518
863
339
741
457
768
647
764
539
750
545
388
752
550
841
851
851
533
552
638
639
857
678
597
735
627
652
425
759
660
773
20
780
859
834
624
739
616
753
738
768
751
522
438
671
24
681
553
499
648
10
650
848
24
622
768
527
632
763
646
731
643
736
863
547
425
645
431
339
862
600
750
741
737
562
3
762
415
884
759
581
860
750
677
751
621
613
841
855
446
553
669
535
778
630
870
858
651
419
838
641
715
432
12
642
545
625
754
631
644
628
543
25
418
883
411
648
852
667
689
747
845
853
557
557
866
638
763
889
630
546
635
872
683
518
765
654
626
754
736
547
627
518
648
777
845
24
645
566
859
771
655
865
648
674
634
543
734
844
645
779
667
747
648
744
677
784
666
758
650
659
520
9
526
772
648
526
739
664
761
847
738
627
855
627
677
759
519
549
553
624
723
629
782
751
888
556
521
859
438
621
636
855
626
404
700
756
886
847
531
857
621
680
759
742
627
652
844
775
646
36
644
642
630
641
890
550
458
588
632
838
515
851
843
571
859
658
720
877
622
646
875
425
685
509
856
652
782
620
644
881
527
633
644
765
539
611
32
766
509
549
857
734
892
776
646
763
756
554
394
783
766
863
526
547
634
653
641
18
650
626
738
860
668
620
769
676
548
519
556
553
14
748
988
736
771
747
840
630
726
662
756
666
750
655
524
629
640
752
850
735
751
640
853
886
638
647
633
642
517
830
552
643
654
447
844
627
645
524
536
15
642
753
648
547
681
734
425
646
403
530
428
417
678
844
765
641
543
546
753
778
744
540
824
848
21
668
855
776
849
762
717
832
653
608
544
562
635
771
540
629
664
25
881
772
623
557
632
768
683
556
39
615
892
651
442
755
742
646
603
726
754
745
753
659
879
540
526
21
536
758
611
438
642
637
734
658
667
549
560
648
676
650
672
869
522
658
770
892
538
882
636
663
632
856
641
663
636
853
896
654
425
519
528
724
636
30
550
519
779
750
402
642
744
859
725
758
636
624
547
653
659
874
636
545
751
408
769
859
668
529
636
668
667
847
632
449
727
760
553
866
824
623
753
648
623
839
754
662
674
627
703
625
871
430
583
672
421
3
430
860
734
339
628
637
647
729
654
746
866
610
674
687
839
651
432
876
872
674
758
663
655
729
10
754
690
441
550
663
741
695
768
729
634
565
634
421
658
841
538
742
760
539
738
754
744
635
646
763
749
847
659
649
543
439
545
646
643
651
655
764
558
394
680
757
649
619
636
637
871
869
776
631
768
784
12
657
753
625
457
425
746
643
663
732
20
533
550
668
636
846
777
507
841
776
635
651
520
538
737
940
622
788
628
650
651
521
631
873
732
630
682
866
766
544
425
640
424
870
756
553
538
425
650
650
837
45
813
636
560
619
537
573
668
524
723
526
447
787
672
843
667
724
560
656
870
785
658
749
12
833
529
874
529
622
645
741
422
642
666
534
762
643
643
626
747
751
635
767
750
429
645
634
628
845
431
635
829
434
656
552
520
613
410
637
865
916
742
554
631
633
654
883
629
647
15
883
669
533
631
552
553
1061
638
556
634
667
653
441
6
743
15
653
639
667
762
641
766
636
620
339
659
838
778
655
666
765
553
428
743
424
672
876
647
660
883
754
72
839
755
756
636
653
485
845
855
855
860
426
457
622
411
44
522
658
637
56
769
744
831
772
860
639
741
650
746
843
559
668
755
6
646
657
515
773
647
417
641
565
434
413
612
648
773
645
554
635
860
629
729
774
637
859
635
804
746
660
652
848
625
856
825
733
761
537
634
732
624
686
669
865
900
657
646
738
656
557
644
642
665
539
439
510
521
418
22
22
839
628
529
652
658
443
518
666
526
637
675
844
623
640
772
416
752
412
748
513
848
549
721
638
753
630
756
626
834
521
430
650
851
671
459
856
864
655
883
643
626
652
2
649
865
664
760
427
552
660
448
858
642
418
679
636
866
664
645
844
543
28
630
739
633
636
847
773
0
767
426
870
764
752
765
533
536
641
427
647
650
527
873
429
768
755
724
767
849
827
893
18
734
756
754
764
647
426
745
731
640
673
659
414
412
624
655
661
620
538
633
764
862
866
15
759
760
763
529
421
746
741
414
832
654
876
646
548
428
873
634
864
628
763
656
645
554
414
637
617
833
627
876
431
557
662
678
635
535
648
551
536
538
847
45
838
730
648
561
761
760
423
870
538
663
749
639
649
761
647
420
655
650
679
747
650
550
23
644
641
534
646
40
734
630
871
529
600
428
550
669
431
626
517
549
642
542
871
778
872
770
762
648
750
537
641
629
615
666
616
551
661
841
522
614
631
634
417
442
24
682
648
441
608
655
778
419
642
636
20
615
625
732
554
789
626
651
521
531
410
434
632
645
733
618
776
719
752
653
875
875
659
536
743
870
845
531
748
511
715
656
765
859
418
427
425
840
869
432
421
663
434
663
405
411
532
674
528
566
684
758
890
39
428
424
555
739
412
866
670
431
636
632
659
445
430
754
742
638
764
668
755
544
644
550
657
538
733
431
658
440
662
849
643
643
531
696
430
522
730
659
760
420
417
738
433
432
651
645
662
746
628
745
630
624
642
424
544
421
447
647
445
546
672
646
421
526
656
638
645
440
641
439
418
861
858
664
504
646
630
446
419
418
982
438
524
416
756
549
777
750
889
24
412
714
696
536
429
538
631
734
630
433
686
425
423
527
414
420
628
636
776
833
19
658
533
856
430
535
422
748
419
617
665
648
300
762
454
653
438
871
455
663
523
521
755
630
413
514
847
630
418
756
436
638
427
664
574
566
431
426
437
421
427
756
422
648
846
417
424
422
622
437
662
434
424
645
783
410
527
411
550
436
549
453
439
446
444
432
0
439
425
441
652
529
433
537
426
424
425
421
423
525
428
530
409
614
438
413
432
536
431
425
431
423
434
428
418
428
641
649
656
433
776
784
865
448
440
535
540
437
432
434
433
644
428
454
446
741
447
447
429
426
741
422
534
419
25
634
426
542
528
522
422
423
525
423
16
606
550
545
543
538
890
659
851
620
48
865
647
685
535
786
659
877
4
552
20
620
635
779
657
672
768
21
510
777
653
849
847
664
660
447
745
23
766
754
430
767
531
624
653
829
873
622
445
540
731
749
552
428
735
9
731
678
625
672
27
26
619
859
416
646
763
756
419
654
839
17
20
12
442
659
420
604
543
19
24
9
562
658
530
734
528
518
676
530
552
655
628
726
737
745
526
398
620
660
18
553
644
626
27
618
636
752
540
421
869
664
4
654
672
649
740
6
514
640
537
640
654
1072
822
558
629
644
22
20
675
880
887
770
536
522
541
657
786
746
767
550
562
630
754
882
563
660
853
438
529
543
523
515
641
773
626
622
642
682
14
27
852
514
519
755
531
452
663
420
658
757
520
745
761
739
640
842
853
667
21
744
740
617
535
584
784
844
860
569
652
877
752
23
488
650
457
438
763
874
653
645
618
534
431
753
540
511
873
647
748
582
846
636
1129
868
542
443
422
840
641
629
542
639
618
652
614
628
656
778
754
659
770
740
769
318
541
790
435
649
661
21
7
942
541
877
528
441
870
27
750
777
868
963
768
642
658
16
642
656
637
638
614
854
549
533
766
863
642
747
654
644
663
645
624
745
658
18
546
658
546
629
652
574
534
639
772
667
647
642
436
831
748
672
700
832
797
542
545
440
730
666
645
647
621
651
847
863
635
645
538
654
659
561
829
777
655
434
849
756
752
858
612
713
651
890
618
710
661
444
524
536
560
28
35
594
761
763
535
767
861
507
669
859
621
22
430
765
653
630
422
1045
632
415
553
548
531
638
656
856
746
538
18
10
27
456
856
888
866
392
636
795
652
668
547
731
651
858
776
659
432
665
445
654
655
420
450
758
657
35
756
869
861
651
637
425
427
438
557
648
686
660
534
760
755
527
878
548
771
679
736
423
751
733
400
615
650
553
30
882
630
650
552
742
626
659
523
765
875
665
629
21
606
448
756
647
638
758
731
638
637
845
430
623
528
635
760
672
454
529
821
7
838
640
412
642
641
552
516
652
652
740
418
641
877
624
536
741
763
883
433
741
743
738
748
866
725
856
631
660
614
624
610
648
662
737
645
623
872
672
661
769
637
738
658
746
662
806
976
552
677
657
868
424
770
642
630
746
824
755
872
877
735
622
718
406
523
537
445
434
760
646
551
748
646
412
642
835
842
741
904
756
551
523
654
545
438
862
643
27
629
752
628
662
857
752
879
751
747
841
736
401
646
742
777
681
759
849
879
25
825
644
644
640
627
852
656
646
510
631
560
713
842
655
651
847
651
632
415
667
759
550
446
666
524
865
522
766
837
609
845
634
509
658
665
649
661
765
767
534
637
755
850
625
748
648
668
770
528
801
535
647
545
636
418
874
636
546
6
856
726
847
661
631
441
839
642
633
970
649
774
30
862
667
12
734
553
860
595
558
611
760
644
893
451
733
738
811
888
863
659
660
730
750
775
684
404
418
630
614
532
548
427
630
777
866
531
627
538
734
404
843
843
756
750
524
633
845
559
640
861
870
666
775
559
645
649
437
457
544
866
869
752
836
510
764
859
866
752
659
837
426
536
658
889
730
898
653
768
528
842
850
737
606
557
539
440
873
659
446
746
653
744
837
745
856
524
860
637
889
409
663
654
884
752
858
761
17
527
646
647
573
770
633
748
658
636
418
643
769
630
522
772
624
946
800
428
641
523
563
857
633
663
763
653
629
758
773
882
630
426
681
870
495
634
633
665
753
823
552
750
948
510
404
676
632
635
659
554
578
837
647
752
623
615
726
3
775
667
650
507
649
412
854
763
645
878
112
634
436
561
689
761
572
451
669
889
844
639
429
642
545
747
531
6
522
33
658
769
512
533
860
667
582
455
538
660
434
848
624
335
552
749
679
766
878
542
624
32
883
423
865
429
821
528
847
534
654
518
631
637
618
408
641
662
745
869
657
552
659
756
743
856
637
634
679
874
663
667
961
661
985
568
540
545
652
652
727
445
536
673
414
672
763
767
625
16
526
525
24
876
647
871
654
652
10
490
741
400
629
428
660
543
828
660
656
775
663
666
528
674
541
645
876
771
758
751
749
829
641
759
745
768
765
537
444
838
646
759
632
652
629
512
768
669
628
558
539
532
651
850
820
725
525
638
643
757
668
626
548
21
668
742
846
511
646
552
636
647
624
870
642
746
540
754
750
755
529
565
754
878
541
863
647
520
557
661
846
529
615
753
635
644
538
440
764
639
878
648
640
715
731
792
664
424
24
527
651
551
762
20
740
544
860
735
747
525
500
654
845
435
661
641
851
869
748
446
638
835
755
727
608
561
823
457
645
775
554
868
414
552
540
752
621
874
875
746
633
636
651
408
542
563
448
896
766
829
641
894
680
751
831
541
756
538
858
845
672
760
544
396
559
824
865
732
672
429
625
875
574
658
649
644
645
623
629
659
671
530
764
10
614
630
646
516
412
887
774
672
30
735
660
657
772
762
646
677
545
527
521
742
541
27
628
515
657
724
558
434
650
666
542
846
622
767
873
539
515
770
546
436
670
22
737
411
661
524
460
649
516
733
536
748
668
763
445
437
557
45
871
416
621
567
624
429
628
536
540
633
882
622
609
414
853
755
734
540
765
525
639
416
648
416
428
650
854
746
623
19
719
621
464
0
560
640
872
693
436
764
849
448
541
664
30
13
629
644
744
876
742
540
659
635
737
797
658
650
839
615
546
437
27
630
886
484
554
552
654
858
668
848
617
745
209
669
878
864
743
772
656
539
852
420
952
516
634
634
766
454
442
568
619
847
549
1064
641
746
666
750
15
655
674
673
733
777
762
844
856
746
740
415
767
630
640
233
719
20
723
653
670
643
457
868
1193
567
441
624
820
644
540
834
418
636
539
617
846
545
765
836
429
875
820
759
553
751
560
537
427
430
742
658
633
744
444
673
534
646
520
969
539
627
663
566
554
774
763
20
24
870
664
663
549
652
839
639
886
834
733
877
430
659
652
829
647
531
423
623
756
746
632
748
8
671
648
849
670
729
620
752
866
824
854
528
636
630
752
761
458
760
779
720
769
881
519
651
662
775
543
844
664
24
689
772
577
642
532
883
634
544
848
656
647
632
758
640
632
550
751
844
456
735
621
428
756
459
544
657
872
764
649
848
540
987
852
515
414
530
642
619
519
558
436
665
763
636
659
545
769
882
420
20
774
760
758
427
726
539
784
406
847
318
548
646
640
551
642
526
660
928
746
547
753
725
543
546
653
751
747
476
658
639
920
871
663
765
751
630
751
758
544
766
771
534
625
841
431
438
755
568
414
753
751
882
651
553
649
404
877
639
516
879
639
342
472
431
896
651
423
1281
843
419
784
864
646
744
633
637
851
665
1262
822
652
838
231
647
425
442
1203
21
23
554
887
674
656
751
622
744
828
744
407
846
841
538
558
770
546
664
748
636
746
846
614
414
749
404
523
527
540
634
404
544
646
458
853
662
994
549
654
848
533
651
825
647
759
722
521
755
718
630
840
453
561
785
654
527
882
740
667
419
457
6
7
772
767
658
562
761
666
743
678
646
641
851
637
642
670
736
666
753
241
784
518
544
635
635
567
832
545
770
779
856
558
987
648
761
538
658
658
999
634
649
749
848
527
963
426
754
651
635
454
853
847
678
764
765
625
635
770
779
851
652
546
754
763
675
763
829
572
746
659
884
656
505
780
841
740
534
415
628
724
27
614
515
751
412
449
657
653
625
633
436
761
649
548
553
1052
970
12
981
454
645
667
748
835
627
727
655
495
771
958
865
524
714
838
1167
860
649
847
21
581
545
646
649
544
575
540
653
729
648
651
849
441
518
651
45
420
440
655
864
399
630
634
651
730
529
866
553
620
669
639
652
523
777
642
1270
741
746
1064
558
472
741
716
577
6
645
647
767
625
696
648
875
745
867
743
629
643
770
765
637
646
752
886
30
723
845
429
624
735
746
663
1439
637
539
545
427
664
649
630
448
2
667
430
636
755
860
882
538
643
458
540
432
752
434
642
647
751
850
611
735
715
630
532
1155
527
772
476
831
527
573
965
624
775
861
1090
852
761
428
654
660
539
644
530
16
858
642
1
692
658
18
19
972
887
730
432
670
27
741
710
637
693
815
1022
516
526
438
436
615
459
651
720
745
856
524
614
911
743
437
667
749
872
877
633
658
667
661
541
537
548
647
632
778
643
643
838
846
840
527
896
764
829
660
586
741
763
732
748
842
849
743
856
777
777
424
1164
642
542
18
756
690
664
660
741
544
866
998
656
837
738
825
686
743
827
730
652
40
714
600
850
544
664
631
649
883
567
1095
443
763
742
637
433
566
512
525
733
891
653
655
864
655
879
426
767
871
850
734
538
642
652
661
725
848
863
615
666
746
617
783
518
848
670
870
636
530
627
230
656
534
639
844
891
19
10
24
654
445
754
794
748
664
509
7
831
856
859
843
948
427
450
649
543
1085
530
742
565
875
1092
422
667
765
654
638
838
520
767
627
14
828
636
765
783
776
30
536
515
775
452
878
633
649
4
740
656
27
518
731
630
535
642
641
632
644
552
662
669
565
518
534
647
643
536
845
547
661
756
435
839
6
674
759
513
444
647
1386
523
756
759
6
755
530
537
846
636
519
857
527
411
529
784
762
618
626
975
662
780
768
651
762
552
537
36
12
730
682
878
9
632
782
869
747
1305
420
741
16
542
756
757
831
717
656
640
865
751
762
567
1292
651
661
869
529
630
543
638
868
643
774
548
536
605
765
668
16
872
635
652
982
761
438
437
749
418
755
866
651
730
859
10
744
550
862
639
868
562
886
856
642
516
734
750
538
645
529
738
612
743
888
778
733
875
773
650
854
441
645
544
422
858
741
545
552
845
525
571
430
426
779
843
627
864
876
765
859
732
630
869
654
1182
428
655
751
829
671
437
666
555
880
866
761
617
661
751
856
743
412
541
21
875
669
748
760
433
450
973
464
536
416
637
800
889
560
663
422
1089
505
670
745
708
513
18
754
521
753
569
420
893
675
762
645
745
650
850
850
661
739
1263
853
663
733
651
621
541
540
655
520
694
854
692
21
758
663
647
557
661
758
756
764
758
1081
535
25
520
631
643
317
822
649
741
544
641
410
860
669
746
658
540
617
556
1066
664
634
428
658
734
607
867
616
619
536
757
631
666
637
728
412
635
542
540
762
663
852
649
561
744
742
549
751
632
626
864
22
525
517
651
644
652
542
721
664
734
638
660
751
756
646
456
651
854
751
641
638
629
718
672
640
639
873
731
768
567
535
624
635
631
444
476
662
760
875
567
531
1185
770
748
743
763
741
847
858
16
16
636
755
51
719
410
748
844
834
641
858
859
636
456
753
896
892
766
683
716
629
759
865
741
557
544
646
644
653
632
426
441
665
664
429
854
643
449
873
536
643
627
651
452
6
866
618
626
643
415
664
664
661
639
621
556
901
636
520
737
857
993
447
660
648
418
555
962
524
759
666
892
26
429
826
733
647
769
774
888
763
555
851
905
739
427
654
544
644
665
723
873
555
868
556
855
721
646
424
866
638
851
650
647
880
746
555
429
624
665
752
660
644
664
20
738
833
877
787
564
862
430
547
621
647
660
402
1699
609
853
545
865
954
565
538
1062
118
769
425
853
630
665
544
544
851
545
832
626
531
864
629
559
23
853
659
535
853
635
440
739
754
651
743
821
869
658
862
45
30
642
618
542
637
584
635
637
774
625
702
22
655
746
524
630
633
745
433
852
763
889
775
773
519
738
535
18
21
412
849
732
674
661
553
655
886
758
643
642
550
636
859
742
719
861
19
834
975
640
770
35
18
651
538
640
452
551
745
519
785
755
439
419
619
747
634
530
630
742
636
647
549
644
733
440
762
636
5
27
467
660
739
805
545
655
752
899
647
434
512
420
639
652
652
730
632
9
757
759
551
407
759
861
633
888
530
560
757
462
468
27
554
519
445
861
643
884
707
533
744
318
318
857
767
430
645
754
542
838
426
650
33
627
425
711
530
441
449
639
654
526
718
537
657
865
51
855
626
764
763
440
993
430
655
433
772
780
590
626
1102
732
736
424
669
15
541
563
662
780
726
634
632
870
635
741
762
846
865
652
747
855
548
450
338
673
766
535
850
418
856
548
662
652
531
752
528
544
548
40
728
655
532
595
15
551
648
667
859
860
539
654
650
523
739
763
517
750
848
859
826
750
754
737
555
418
765
825
760
842
559
674
876
863
626
648
731
417
446
541
827
876
548
447
652
656
867
766
840
872
883
14
879
419
559
653
758
743
860
755
847
835
758
557
541
8
21
700
723
741
553
434
778
726
732
444
550
878
430
543
526
629
902
535
891
863
858
749
300
685
985
439
664
865
667
830
566
875
671
756
544
625
530
7
641
642
464
637
834
745
876
640
411
643
446
682
645
663
863
648
653
780
562
674
566
551
30
423
369
454
431
12
842
774
866
770
877
637
744
879
112
620
813
619
666
14
756
723
693
632
454
660
837
629
738
846
746
863
720
440
850
737
649
539
656
653
638
751
424
879
855
755
637
856
661
18
347
769
8
576
632
754
656
436
866
435
652
546
527
830
520
640
792
514
408
632
630
644
631
757
837
759
876
734
636
454
619
835
658
619
641
654
510
854
649
859
872
427
870
841
633
645
529
532
871
659
671
748
557
12
640
854
662
840
544
632
541
538
410
737
444
540
525
646
517
27
751
742
424
912
849
629
647
844
522
784
668
729
730
638
419
737
872
755
747
666
630
418
657
753
760
730
526
624
756
732
847
647
837
21
536
561
703
773
539
521
659
741
24
525
630
816
611
640
631
515
739
816
548
840
513
754
872
768
770
860
646
421
656
649
878
728
637
625
752
767
860
850
530
864
644
851
842
759
2
722
652
968
642
878
36
666
989
642
671
660
550
420
833
653
828
613
635
674
849
524
747
738
843
1061
447
1020
681
578
561
406
859
546
638
621
746
647
639
619
767
635
33
658
952
665
533
761
651
541
444
689
738
535
787
735
686
710
765
626
714
755
640
540
570
636
745
639
644
540
838
39
655
529
524
639
553
742
648
545
641
536
50
618
620
649
858
758
757
529
548
636
423
766
861
420
8
4
670
637
732
737
530
644
837
627
729
608
630
455
320
552
634
861
858
770
547
45
638
748
635
784
858
866
647
839
647
642
768
662
677
862
660
741
21
853
650
673
634
662
881
753
858
535
652
834
749
440
859
867
558
737
426
880
432
5
743
645
848
631
653
619
648
607
636
549
735
869
446
35
12
662
429
736
626
518
665
639
853
768
736
434
644
517
879
24
6
430
850
528
0
790
879
663
566
20
6
853
649
787
529
648
433
554
552
644
877
426
632
830
5
544
635
729
554
433
543
624
422
646
804
26
844
727
632
649
868
666
751
623
618
636
564
454
757
774
871
637
558
775
442
830
644
643
508
523
785
856
749
867
626
19
16
20
12
1
971
423
778
542
697
659
633
770
574
782
655
887
656
416
454
830
732
9
744
623
21
438
629
406
833
664
415
768
789
748
431
650
767
870
965
832
726
881
753
432
744
645
869
26
513
548
436
744
657
649
764
961
18
653
743
851
638
673
754
657
633
641
555
650
873
617
632
757
429
558
5
644
635
572
625
751
632
653
318
412
729
636
528
532
632
637
830
668
877
639
885
542
679
779
770
676
552
631
855
629
434
770
730
659
435
666
661
721
643
885
421
742
631
764
638
730
663
537
881
681
854
646
427
527
643
739
735
538
880
732
626
523
763
544
658
878
732
622
724
643
746
641
632
640
752
739
544
856
682
624
756
419
634
755
591
639
646
426
677
430
773
870
861
628
435
879
735
866
641
444
685
651
882
751
659
650
658
847
770
451
744
445
768
655
640
750
424
538
530
852
748
725
537
550
6
524
509
551
548
745
422
741
628
748
841
620
830
629
846
640
658
764
419
746
621
567
662
770
812
668
524
660
527
639
566
882
649
643
550
656
654
843
867
637
548
636
675
847
642
878
420
864
450
750
893
546
635
562
10
862
665
454
667
874
638
635
765
690
668
834
657
846
523
7
733
648
419
731
413
648
556
536
585
435
734
656
777
866
738
431
633
756
665
435
663
871
541
758
845
869
756
837
756
878
313
740
656
764
854
765
664
650
837
808
639
659
850
777
781
753
15
22
23
18
612
767
425
698
571
762
654
657
769
657
654
440
730
619
541
535
514
653
847
860
118
9
5
616
539
548
740
638
36
39
739
426
637
655
829
807
438
742
858
853
850
654
535
556
433
678
528
642
678
415
780
878
332
653
621
829
609
651
683
547
654
914
533
652
426
758
770
656
898
658
863
415
534
763
652
422
668
3
689
669
649
634
733
828
553
633
432
765
835
866
538
571
585
670
580
749
530
640
755
629
570
546
854
846
764
777
868
671
882
826
546
759
21
32
15
17
738
555
31
641
577
764
954
761
872
869
882
535
769
770
557
527
543
648
544
868
20
5
620
710
441
846
536
48
35
737
651
652
627
798
421
547
674
657
791
541
862
936
819
847
620
536
550
412
742
654
527
646
762
416
634
645
662
436
774
748
404
21
724
708
534
423
24
676
446
653
732
628
562
769
544
872
653
829
632
390
623
418
737
18
703
858
427
851
724
752
837
751
761
778
651
665
413
550
554
218
887
860
652
650
643
529
434
524
740
758
646
850
947
540
655
44
16
759
427
525
670
556
676
839
651
647
756
641
551
666
635
640
784
771
744
763
526
752
886
628
631
833
630
623
530
655
897
733
30
353
645
432
728
757
839
833
535
852
437
655
724
618
656
768
415
772
894
759
762
739
758
614
629
771
722
661
844
759
625
425
515
762
644
762
555
653
787
775
840
894
14
412
743
682
644
870
664
679
844
852
840
627
660
662
420
9
5
626
709
656
617
411
536
33
628
633
548
535
834
866
857
466
860
530
440
432
756
610
748
648
856
447
891
756
636
294
722
529
743
655
627
655
638
651
842
743
658
880
434
873
857
878
547
30
641
743
856
748
874
742
6
516
755
511
771
760
644
424
521
440
543
441
958
24
42
15
947
629
852
755
637
749
449
428
757
567
527
871
869
840
417
755
657
878
651
420
650
850
539
518
636
757
766
850
853
862
336
613
652
857
457
874
21
536
681
835
442
753
864
655
556
660
764
555
865
736
633
752
662
757
838
746
738
862
657
845
771
656
672
649
842
646
500
728
767
620
826
748
30
568
464
21
517
643
966
759
616
842
647
837
767
873
834
629
537
757
631
558
540
624
564
864
743
444
626
763
663
894
653
549
48
627
866
854
622
513
410
763
682
635
880
551
536
629
856
770
746
656
536
738
882
872
856
870
16
20
725
744
686
15
222
21
546
769
556
557
768
651
881
413
432
869
638
644
3
624
543
639
401
629
765
874
420
647
36
19
708
735
552
629
657
557
530
765
626
649
761
529
725
655
764
733
542
772
744
428
621
866
730
1195
618
750
643
666
628
764
637
425
438
709
664
528
646
659
648
643
777
855
700
27
3
658
554
8
781
447
642
550
648
651
650
655
868
791
660
757
638
547
768
638
686
637
652
644
852
631
622
650
647
641
741
546
667
760
746
525
864
872
757
743
773
486
524
723
430
452
880
533
756
530
628
866
551
529
754
677
840
543
895
641
672
754
533
660
863
635
551
721
850
1
14
464
6
967
643
685
651
540
528
845
617
554
648
734
18
7
543
620
626
639
417
640
560
33
829
613
725
880
516
839
628
652
645
645
748
555
646
539
440
656
415
424
656
629
847
546
656
672
555
533
762
522
635
415
667
840
633
753
769
517
658
751
648
623
436
634
649
750
649
431
644
944
652
622
430
750
14
841
625
615
865
453
366
574
30
868
846
651
657
559
633
634
752
546
655
630
770
623
554
7
532
623
650
739
840
739
644
557
521
713
790
760
690
658
674
435
668
557
622
726
836
527
414
432
425
872
424
645
750
750
626
882
764
765
530
545
435
884
656
772
435
24
851
420
422
882
660
748
884
429
841
658
775
647
663
625
627
649
646
22
11
751
758
533
542
730
633
632
875
22
629
830
859
854
844
740
546
656
760
723
730
539
436
422
327
623
529
653
876
543
752
242
425
524
532
543
667
666
869
771
617
522
33
594
850
516
664
751
533
727
644
544
759
672
637
553
642
649
550
875
646
656
549
546
568
822
23
20
20
549
863
413
753
685
792
647
993
438
641
635
643
860
764
858
641
843
866
640
864
654
649
859
840
756
4
10
856
653
539
634
718
34
28
623
836
843
1048
621
528
626
540
732
752
827
451
749
520
861
540
523
647
618
645
871
663
524
529
629
897
660
766
542
886
766
859
561
871
647
780
629
649
758
569
874
645
760
614
749
745
859
633
621
430
721
429
631
837
619
671
895
423
755
764
533
788
342
660
749
756
635
653
525
764
630
645
636
855
750
633
746
847
13
318
15
755
631
417
746
535
826
842
21
343
529
837
503
721
638
645
654
830
862
517
644
515
563
864
755
627
747
546
767
738
63
304
869
763
738
633
554
673
553
738
420
848
546
766
557
626
418
849
429
667
840
552
760
531
862
40
15
24
838
722
855
540
726
623
664
668
644
778
560
657
873
661
538
835
775
633
548
743
847
410
646
661
629
643
523
639
645
539
8
4
11
11
753
852
830
638
629
30
850
527
846
825
756
545
889
850
530
527
538
648
738
532
757
841
435
885
980
625
830
748
626
657
781
646
724
662
422
752
655
659
405
530
530
568
891
667
759
781
863
784
731
27
25
8
619
637
751
835
643
778
754
888
666
844
839
651
857
886
651
756
551
544
656
450
749
531
767
521
534
650
646
540
641
637
869
653
18
10
18
12
22
852
731
637
848
618
935
858
650
633
30
13
730
626
522
534
888
852
836
642
861
648
641
656
551
412
534
431
426
545
884
416
742
733
732
531
877
673
730
660
439
650
644
773
842
662
852
955
754
748
543
877
518
655
21
654
521
426
731
757
646
853
9
768
986
851
862
761
691
544
884
746
653
765
642
865
834
646
665
428
664
539
855
419
452
8
537
738
507
635
39
14
853
863
541
848
719
632
541
853
542
881
630
660
613
647
731
836
653
739
780
723
748
619
652
444
548
569
670
774
553
641
422
853
551
638
763
637
661
860
857
768
870
641
635
654
656
732
755
662
437
661
739
546
861
724
22
50
28
666
780
785
641
657
651
847
351
644
767
674
759
872
453
878
444
869
643
629
547
766
767
535
628
445
885
8
3
642
818
649
640
774
849
727
21
11
392
831
652
629
414
664
440
657
425
519
647
851
432
737
636
745
858
662
640
641
781
518
453
444
541
448
890
756
974
746
1069
730
642
538
674
749
670
637
740
550
430
876
649
516
850
773
655
662
843
552
862
749
550
734
528
859
443
601
428
760
866
548
725
616
559
640
974
970
642
654
867
886
855
561
676
667
658
762
620
436
743
854
728
759
621
838
637
777
617
529
637
855
558
634
889
33
24
851
630
638
756
636
872
948
611
839
775
631
556
752
836
424
424
455
744
666
721
829
870
784
833
657
875
889
642
788
750
557
636
751
442
510
636
542
514
856
427
447
737
660
554
875
745
652
766
769
436
818
511
503
636
512
442
307
556
785
762
36
586
538
437
525
643
746
861
561
774
661
839
892
559
528
764
663
853
875
640
324
554
428
547
832
764
536
632
624
665
821
859
405
411
535
531
865
640
743
616
544
857
870
784
645
870
675
737
550
878
641
641
951
646
755
779
548
448
852
420
30
746
309
743
543
434
857
758
648
748
863
851
414
667
641
436
727
861
837
640
844
877
429
887
632
864
535
661
437
866
553
25
646
737
839
402
627
520
748
606
991
757
889
849
626
759
856
638
557
788
652
770
650
647
849
536
773
562
447
548
762
730
667
847
857
740
431
742
867
657
631
668
415
12
4
5
635
621
852
775
425
555
39
744
547
951
641
776
637
655
626
420
749
751
667
431
644
640
541
650
554
757
411
658
742
845
638
738
660
677
775
779
647
535
516
732
534
550
750
835
767
884
680
869
857
530
884
663
650
1090
6
718
406
712
545
777
733
555
33
30
623
778
777
547
775
759
846
864
642
655
964
854
540
526
428
548
854
656
627
735
752
534
12
627
776
752
756
639
434
764
745
589
639
749
761
855
27
42
5
582
742
730
725
718
631
836
525
438
519
751
724
754
738
635
417
738
747
668
897
542
741
750
634
764
865
645
563
684
888
648
744
769
691
452
534
792
638
410
125
768
632
858
862
621
669
745
669
736
779
751
734
757
654
858
558
358
629
429
657
761
629
647
751
548
529
533
635
764
12
17
15
626
406
453
673
555
655
795
563
781
441
733
664
653
878
530
556
640
436
444
887
730
643
860
446
756
848
642
767
627
611
444
425
416
425
772
854
559
426
756
3
23
843
523
750
664
655
542
30
42
48
20
844
642
639
636
972
740
517
524
516
744
730
864
848
629
838
756
416
825
851
554
855
617
533
532
441
860
763
537
842
516
868
433
740
766
468
425
538
840
849
434
510
846
621
786
735
648
741
634
669
841
840
652
625
739
646
678
754
653
7
10
523
641
851
648
740
658
573
11
9
680
769
740
684
857
975
866
668
552
740
770
442
542
555
889
659
609
747
539
538
765
638
332
547
761
860
330
619
547
12
13
8
639
730
845
626
867
36
22
27
639
856
840
848
846
416
642
631
751
762
751
517
639
669
735
653
557
422
845
528
540
832
638
763
755
862
401
855
746
630
445
613
522
606
652
840
638
649
644
666
735
633
884
762
525
855
523
447
651
747
752
18
4
856
737
425
832
850
812
755
541
892
15
2
538
553
912
448
665
22
637
752
747
648
664
842
517
758
762
676
442
448
634
837
442
635
847
864
820
756
635
676
776
641
536
874
872
650
297
12
12
4
5
4
525
634
646
745
511
847
742
846
535
966
632
557
648
761
858
759
45
642
577
847
734
412
641
848
823
650
523
553
733
635
637
430
416
627
751
656
738
644
627
570
1032
612
651
427
586
856
649
684
436
641
431
759
856
534
738
340
866
736
858
771
657
541
750
627
847
622
751
439
433
771
648
544
650
525
630
551
686
731
750
732
843
665
651
854
562
665
717
411
835
796
528
727
755
28
19
661
1001
680
426
888
558
22
837
759
651
463
539
649
752
793
882
879
861
976
541
648
731
749
845
656
655
536
549
630
551
890
651
758
10
4
7
7
8
825
545
822
39
721
816
530
744
643
554
836
419
639
636
641
870
539
524
764
533
835
645
774
695
760
646
834
515
755
433
656
633
614
775
840
634
752
422
336
757
214
759
740
631
542
431
675
785
739
544
771
961
861
525
651
760
646
861
641
989
428
440
410
523
568
853
652
534
338
664
893
898
529
646
647
654
779
665
539
552
530
657
760
868
567
765
536
430
616
855
634
637
644
741
854
650
641
526
838
641
648
668
12
9
30
7
5
614
835
761
759
757
435
615
417
825
618
631
431
866
635
727
770
739
629
652
673
852
529
839
752
739
678
858
738
641
555
733
874
862
742
868
688
685
586
583
722
527
629
829
864
424
639
434
638
514
846
533
672
537
640
636
639
742
740
846
665
674
769
536
658
427
644
635
758
19
30
439
541
526
859
628
745
549
653
846
431
666
858
520
18
638
653
421
539
767
867
891
658
550
863
757
621
664
726
533
451
753
545
621
628
750
754
859
427
625
659
470
4
42
8
738
551
879
533
30
24
463
854
595
626
842
409
653
774
732
737
672
650
788
661
628
652
652
424
637
422
437
632
569
530
774
575
986
863
555
643
542
535
738
649
515
517
553
444
434
622
536
617
669
851
630
526
405
644
541
641
631
849
448
870
723
670
857
651
886
554
650
863
443
647
534
882
449
22
815
583
758
689
775
2
12
643
829
543
12
16
634
753
881
535
647
539
652
738
774
853
885
545
544
745
550
775
859
669
523
756
747
443
854
764
640
636
416
432
646
632
652
6
40
8
631
617
643
879
525
759
823
638
523
549
845
777
838
544
743
48
635
645
859
718
719
849
601
529
643
639
866
755
537
659
857
837
533
578
626
530
636
755
461
532
743
850
865
852
442
783
865
719
829
767
865
773
661
880
530
869
535
450
788
780
513
859
741
655
741
632
641
547
633
643
741
639
879
523
736
636
520
622
630
430
436
882
730
541
526
674
636
832
427
856
887
544
563
779
760
649
672
515
553
426
541
521
622
734
431
527
440
874
652
648
1
847
686
553
767
464
3
439
636
647
759
435
680
890
757
762
875
867
769
546
452
771
761
789
860
846
537
858
837
531
756
539
759
651
757
515
737
753
545
525
639
643
639
12
16
640
754
944
622
831
648
845
728
468
30
873
627
641
855
766
735
726
432
649
738
636
655
751
739
752
657
743
642
744
879
426
642
654
441
659
864
644
975
777
760
455
547
869
632
701
740
649
759
416
509
841
837
545
749
652
872
867
542
651
654
564
720
567
832
528
855
653
864
642
634
564
641
848
558
757
539
637
674
538
754
660
850
876
737
18
658
634
522
649
640
918
494
429
436
683
591
726
572
534
341
661
668
650
675
569
14
14
12
558
431
528
648
640
539
770
455
865
662
555
618
653
650
630
864
542
765
566
765
547
634
668
640
560
883
847
732
742
851
436
627
11
13
9
739
869
852
765
651
628
567
858
518
851
631
533
22
48
30
15
555
26
534
750
645
821
503
832
715
608
536
868
418
743
647
532
541
616
733
733
551
513
566
885
673
651
734
793
651
674
635
666
656
755
674
629
888
786
576
665
773
874
689
574
844
644
588
842
549
865
942
724
778
744
601
651
617
562
620
852
417
545
777
642
735
540
545
422
537
828
847
873
676
446
427
884
849
862
12
6
744
525
505
651
778
578
15
777
589
854
538
552
556
874
673
761
637
30
27
558
675
883
902
756
657
855
769
869
429
753
635
632
648
660
551
647
427
542
634
872
528
842
771
768
758
849
532
433
869
763
11
517
517
525
715
893
755
639
637
763
748
667
861
525
631
515
422
39
622
527
551
722
320
624
763
865
627
825
847
848
664
419
463
435
623
727
431
751
737
832
870
658
632
741
822
769
554
747
531
447
442
659
614
786
641
558
555
668
680
882
518
764
551
857
874
763
411
858
623
394
768
422
764
531
433
426
752
556
764
651
621
745
546
736
789
541
668
664
750
759
646
841
577
677
420
637
636
653
642
857
841
545
755
542
433
757
751
362
440
712
669
573
6
0
877
768
577
677
1008
638
914
868
445
631
628
660
661
443
666
860
448
553
657
868
658
525
632
443
868
640
747
754
852
589
664
637
514
635
423
850
880
550
437
631
20
10
755
626
638
626
847
761
858
856
538
26
246
463
546
404
641
787
555
858
850
653
634
521
644
643
870
625
735
648
662
666
672
559
636
652
650
544
1046
750
563
557
863
644
655
889
878
655
643
582
741
665
652
888
778
837
420
834
871
637
661
542
627
638
546
636
648
748
783
533
624
856
537
656
422
632
539
644
862
779
607
525
734
415
772
660
870
650
874
623
654
854
892
734
623
603
624
556
767
660
341
574
7
661
675
772
892
885
583
669
454
436
665
552
639
337
633
643
870
644
874
430
449
850
554
851
674
523
578
446
437
860
638
539
652
748
748
537
874
739
750
760
879
442
10
6
8
623
519
431
511
629
536
849
610
738
431
740
856
583
14
16
12
22
554
726
830
624
755
543
722
865
651
619
619
854
763
561
977
655
766
621
880
729
743
759
774
431
517
678
862
675
891
526
543
907
537
649
674
575
458
613
809
525
585
840
509
746
528
669
656
537
662
446
869
835
623
652
639
832
624
621
639
677
633
854
639
539
624
652
1046
546
648
535
667
773
417
864
534
843
430
649
751
867
639
757
749
853
553
452
648
537
739
656
621
847
46
3
405
732
849
617
434
463
686
452
841
647
550
667
745
778
862
20
14
20
28
537
545
547
652
749
646
795
751
1208
678
865
669
644
648
633
362
562
725
538
425
773
868
752
424
649
647
36
37
13
23
9
843
650
828
414
738
524
629
830
609
491
527
808
751
629
767
453
768
578
15
30
422
642
39
600
529
826
633
515
830
733
738
866
630
656
749
736
585
874
529
671
653
779
634
781
738
525
635
861
638
860
518
661
836
752
645
661
522
643
345
848
650
867
868
881
648
879
754
647
872
757
623
12
666
552
521
628
560
538
406
743
639
867
551
680
637
876
864
858
655
538
638
634
863
757
534
642
846
764
758
778
567
521
845
641
754
845
553
402
837
959
735
646
426
533
629
748
668
771
676
672
854
897
850
964
251
764
634
646
746
32
17
18
27
17
611
618
666
606
657
641
611
657
856
670
779
680
993
678
911
876
558
340
21
673
660
655
747
754
675
589
647
545
739
539
754
767
676
570
744
650
763
658
425
870
751
660
643
655
760
653
14
11
20
10
852
863
638
632
856
629
647
747
457
368
56
547
17
752
729
847
677
613
849
744
736
842
516
631
843
645
877
875
525
637
642
836
643
762
744
742
635
636
524
514
863
762
450
772
558
631
510
737
667
776
854
746
769
455
536
444
523
651
649
787
1077
462
548
657
390
567
395
400
641
636
861
628
530
660
658
639
722
734
852
865
427
676
840
643
415
838
662
615
646
648
761
427
546
540
537
541
415
640
763
534
836
424
560
782
417
629
643
626
20
872
648
745
704
618
814
586
458
452
672
662
426
0
843
542
463
675
19
341
756
757
663
638
880
760
629
778
765
878
665
537
653
893
654
760
888
634
646
624
739
548
541
554
447
644
846
12
10
6
10
738
858
662
622
514
722
407
724
863
546
451
531
340
18
551
840
611
731
547
424
621
423
745
417
508
860
422
555
740
641
857
673
740
670
407
421
839
547
548
646
751
518
859
554
781
656
853
868
565
581
771
450
794
1122
776
559
557
678
671
880
527
298
850
869
776
648
639
534
856
501
639
662
649
645
543
433
776
633
536
510
730
753
419
872
552
850
865
818
647
512
741
414
642
748
644
877
644
678
657
977
801
445
649
879
663
533
631
30
13
110
12
831
613
629
420
785
564
780
0
624
557
666
782
639
537
678
553
640
437
867
664
543
734
756
676
751
684
663
556
546
860
667
530
736
432
774
653
546
568
862
330
860
448
822
424
864
643
729
437
744
436
531
753
665
646
9
5
27
4
9
746
538
405
851
747
866
643
886
647
625
717
527
757
611
862
746
875
425
655
586
24
30
561
24
543
542
431
628
654
749
522
755
856
744
858
828
860
849
630
422
853
848
746
633
746
765
774
774
759
759
847
443
650
867
846
626
842
696
688
786
974
741
682
569
465
788
662
554
758
751
632
564
543
753
649
719
604
528
835
402
737
653
543
868
633
966
537
730
549
747
651
657
625
641
641
868
549
777
630
551
647
753
777
764
741
632
642
550
883
642
656
664
637
747
880
631
669
684
641
874
683
591
642
615
15
42
660
578
7
14
520
755
842
818
668
643
635
440
576
865
666
726
650
36
508
839
744
739
534
649
734
642
657
753
353
880
658
641
532
432
694
756
856
649
638
956
682
652
558
546
850
860
648
752
547
847
648
656
622
663
547
791
857
5
20
629
757
839
514
322
521
648
427
518
312
398
634
554
875
844
543
766
637
35
42
341
562
10
35
12
736
523
440
423
860
511
663
531
869
642
781
552
897
838
620
543
549
767
647
621
737
856
846
558
767
730
828
737
956
868
647
661
544
753
766
641
894
536
868
655
563
440
642
34
763
731
511
761
768
764
746
748
748
837
672
618
756
433
836
519
437
822
657
641
520
552
630
436
535
774
621
876
533
744
730
626
653
525
633
658
645
1295
661
520
649
768
430
642
637
770
672
755
542
857
750
640
12
626
10
640
540
8
333
749
764
601
600
764
635
398
570
557
626
769
533
638
906
42
5
0
642
745
545
557
775
762
768
872
527
533
650
670
656
676
1099
543
746
669
423
555
428
563
558
781
541
738
840
740
880
859
868
657
527
729
652
603
653
745
745
759
436
638
672
862
651
637
554
528
759
543
7
38
11
750
629
856
531
757
835
857
645
523
445
653
860
526
422
26
541
545
26
17
730
415
564
642
731
496
945
414
631
774
641
613
643
644
632
569
529
729
849
630
678
461
637
752
869
623
633
742
427
651
801
556
769
736
862
843
553
537
657
646
733
754
679
689
903
662
740
649
673
548
868
516
742
731
864
649
651
742
637
852
626
678
525
417
905
416
569
436
635
763
540
642
748
854
551
547
647
740
720
642
657
867
773
431
540
546
870
650
549
843
506
639
